V3 Conv1D-GCN vs TCN-GCN Error Analysis
========================================================================================================================
data:     /home/zira/tools/architecture/gem5/experiments/paper1_temporal_graphs_ports_v3
conv_dir: models/v3/temporal_gcn_ports_v3_builtin_split
tcn_dir:  models/v3/temporal_tcn_gcn_ports_v3_builtin_split

Conv1D best validation node threshold: 0.80 val_node_f1=0.8887
TCN    best validation node threshold: 0.50 val_node_f1=0.8768

OVERALL TEST, FIXED NODE THRESHOLD 0.50
------------------------------------------------------------------------------------------------------------------------
Conv1D       g_f1=0.8379 g_fpr=0.2036 node_p=0.6166 node_r=0.8834 node_f1=0.7263 exact=0.5312 topK=0.6722 top4=0.9921
TCN          g_f1=0.8578 g_fpr=0.2468 node_p=0.5667 node_r=0.8822 node_f1=0.6901 exact=0.4070 topK=0.6645 top4=0.9795

OVERALL TEST, VAL-TUNED NODE THRESHOLD
------------------------------------------------------------------------------------------------------------------------
Conv1D       g_f1=0.8379 g_fpr=0.2036 node_p=0.6365 node_r=0.7791 node_f1=0.7006 exact=0.5063 topK=0.6722 top4=0.9921
TCN          g_f1=0.8578 g_fpr=0.2468 node_p=0.5667 node_r=0.8822 node_f1=0.6901 exact=0.4070 topK=0.6645 top4=0.9795


========================================================================================================================
GROUP: attacker_count using val-tuned node thresholds
========================================================================================================================
group_value                                    n  conv_gf1   tcn_gf1  conv_fpr   tcn_fpr  conv_nf1   tcn_nf1  conv_exact  tcn_exact  conv_topK  tcn_topK  conv_top4  tcn_top4
------------------------------------------------------------------------------------------------------------------------------------------------------
0                                          19758    0.0000    0.0000    0.2036    0.2468    0.0000    0.0000      0.6411     0.5417     0.0000    0.0000     0.0000    0.0000
1                                           9879    0.8280    0.9092    0.0000    0.0000    0.4262    0.5627      0.1269     0.2097     0.5207    0.4978     0.9891    0.9947
2                                           6586    0.9660    0.9836    0.0000    0.0000    0.9348    0.8780      0.8014     0.5100     0.9488    0.9251     0.9994    0.9988
3                                           6586    0.9847    0.9829    0.0000    0.0000    0.8692    0.8432      0.3758     0.1957     0.6228    0.6540     0.9895    0.9373

========================================================================================================================
GROUP: profile using val-tuned node thresholds
========================================================================================================================
group_value                                    n  conv_gf1   tcn_gf1  conv_fpr   tcn_fpr  conv_nf1   tcn_nf1  conv_exact  tcn_exact  conv_topK  tcn_topK  conv_top4  tcn_top4
------------------------------------------------------------------------------------------------------------------------------------------------------
bursty                                     13172    0.8924    0.9086    0.0337    0.0191    0.8488    0.8119      0.6595     0.5753     0.9209    0.8170     0.9955    0.9881
compute                                     3293    0.0000    0.0000    0.0225    0.0188    0.0000    0.0000      0.9408     0.9499     0.0000    0.0000     0.0000    0.0000
idle                                        3293    0.0000    0.0000    0.0267    0.0200    0.0000    0.0000      0.9523     0.9505     0.0000    0.0000     0.0000    0.0000
mixed                                       9879    0.5127    0.6182    0.5518    0.5787    0.2690    0.3253      0.0310     0.0017     0.1427    0.0012     0.9973    0.9979
stream                                     13172    0.9522    0.9390    0.0349    0.2657    0.7843    0.7561      0.4894     0.2710     0.6000    0.7332     0.9870    0.9648

========================================================================================================================
GROUP: strength using val-tuned node thresholds
========================================================================================================================
group_value                                    n  conv_gf1   tcn_gf1  conv_fpr   tcn_fpr  conv_nf1   tcn_nf1  conv_exact  tcn_exact  conv_topK  tcn_topK  conv_top4  tcn_top4
------------------------------------------------------------------------------------------------------------------------------------------------------
                                           19758    0.0000    0.0000    0.2036    0.2468    0.0000    0.0000      0.6411     0.5417     0.0000    0.0000     0.0000    0.0000
20                                          9879    0.8280    0.9092    0.0000    0.0000    0.4262    0.5627      0.1269     0.2097     0.5207    0.4978     0.9891    0.9947
63                                          6586    0.9660    0.9836    0.0000    0.0000    0.9348    0.8780      0.8014     0.5100     0.9488    0.9251     0.9994    0.9988
77                                          6586    0.9847    0.9829    0.0000    0.0000    0.8692    0.8432      0.3758     0.1957     0.6228    0.6540     0.9895    0.9373

========================================================================================================================
GROUP: seed using val-tuned node thresholds
========================================================================================================================
group_value                                    n  conv_gf1   tcn_gf1  conv_fpr   tcn_fpr  conv_nf1   tcn_nf1  conv_exact  tcn_exact  conv_topK  tcn_topK  conv_top4  tcn_top4
------------------------------------------------------------------------------------------------------------------------------------------------------
14                                          3293    0.0000    0.0000    0.0225    0.0188    0.0000    0.0000      0.9408     0.9499     0.0000    0.0000     0.0000    0.0000
15                                          3293    0.0000    0.0000    0.0349    0.2657    0.0000    0.0000      0.9256     0.5348     0.0000    0.0000     0.0000    0.0000
16                                          3293    0.0000    0.0000    0.0337    0.0191    0.0000    0.0000      0.9478     0.8102     0.0000    0.0000     0.0000    0.0000
17                                          3293    0.0000    0.0000    0.1242    0.2587    0.0000    0.0000      0.0714     0.0046     0.0000    0.0000     0.0000    0.0000
18                                          3293    0.0000    0.0000    0.9794    0.8986    0.0000    0.0000      0.0088     0.0003     0.0000    0.0000     0.0000    0.0000
2                                           3293    0.0000    0.0000    0.0267    0.0200    0.0000    0.0000      0.9523     0.9505     0.0000    0.0000     0.0000    0.0000
50                                          9879    0.9580    0.9814    0.0000    0.0000    0.7935    0.7894      0.3441     0.1831     0.6000    0.7332     0.9870    0.9648
51                                          9879    0.8979    0.9118    0.0000    0.0000    0.8576    0.8364      0.5634     0.4970     0.9209    0.8170     0.9955    0.9881
52                                          3293    0.8407    0.9822    0.0000    0.0000    0.5508    0.5838      0.0128     0.0003     0.1427    0.0012     0.9973    0.9979

========================================================================================================================
GROUP: active_cores using val-tuned node thresholds
========================================================================================================================
group_value                                    n  conv_gf1   tcn_gf1  conv_fpr   tcn_fpr  conv_nf1   tcn_nf1  conv_exact  tcn_exact  conv_topK  tcn_topK  conv_top4  tcn_top4
------------------------------------------------------------------------------------------------------------------------------------------------------
1-6-9-14                                    6586    0.7842    0.8680    0.1242    0.2587    0.4068    0.4186      0.0421     0.0024     0.1427    0.0012     0.9973    0.9979
2-13                                       13172    0.9522    0.9390    0.0349    0.2657    0.7843    0.7561      0.4894     0.2710     0.6000    0.7332     0.9870    0.9648
3-7-8-12                                    3293    0.0000    0.0000    0.9794    0.8986    0.0000    0.0000      0.0088     0.0003     0.0000    0.0000     0.0000    0.0000
5                                           3293    0.0000    0.0000    0.0225    0.0188    0.0000    0.0000      0.9408     0.9499     0.0000    0.0000     0.0000    0.0000
5-10                                       13172    0.8924    0.9086    0.0337    0.0191    0.8488    0.8119      0.6595     0.5753     0.9209    0.8170     0.9955    0.9881
idle                                        3293    0.0000    0.0000    0.0267    0.0200    0.0000    0.0000      0.9523     0.9505     0.0000    0.0000     0.0000    0.0000

========================================================================================================================
GROUP: attackers using val-tuned node thresholds
========================================================================================================================
group_value                                    n  conv_gf1   tcn_gf1  conv_fpr   tcn_fpr  conv_nf1   tcn_nf1  conv_exact  tcn_exact  conv_topK  tcn_topK  conv_top4  tcn_top4
------------------------------------------------------------------------------------------------------------------------------------------------------
                                           19758    0.0000    0.0000    0.2036    0.2468    0.0000    0.0000      0.6411     0.5417     0.0000    0.0000     0.0000    0.0000
1-11-12                                     6586    0.9847    0.9829    0.0000    0.0000    0.8692    0.8432      0.3758     0.1957     0.6228    0.6540     0.9895    0.9373
1-7                                         6586    0.9660    0.9836    0.0000    0.0000    0.9348    0.8780      0.8014     0.5100     0.9488    0.9251     0.9994    0.9988
12                                          9879    0.8280    0.9092    0.0000    0.0000    0.4262    0.5627      0.1269     0.2097     0.5207    0.4978     0.9891    0.9947

========================================================================================================================
GROUP: run_id using val-tuned node thresholds
========================================================================================================================
group_value                                    n  conv_gf1   tcn_gf1  conv_fpr   tcn_fpr  conv_nf1   tcn_nf1  conv_exact  tcn_exact  conv_topK  tcn_topK  conv_top4  tcn_top4
------------------------------------------------------------------------------------------------------------------------------------------------------
N-1-6-9-14-Pmixed-R17-V3                    3293    0.0000    0.0000    0.1242    0.2587    0.0000    0.0000      0.0714     0.0046     0.0000    0.0000     0.0000    0.0000
N-1-6-9-14-Pmixed-R52-A-12-S20-V3           3293    0.8407    0.9822    0.0000    0.0000    0.5508    0.5838      0.0128     0.0003     0.1427    0.0012     0.9973    0.9979
N-2-13-Pstream-R15-V3                       3293    0.0000    0.0000    0.0349    0.2657    0.0000    0.0000      0.9256     0.5348     0.0000    0.0000     0.0000    0.0000
N-2-13-Pstream-R50-A-1-11-12-S77-V3         3293    0.9843    0.9835    0.0000    0.0000    0.8224    0.8310      0.1051     0.0449     0.3146    0.6420     0.9848    0.8974
N-2-13-Pstream-R50-A-1-7-S63-V3             3293    0.9886    0.9858    0.0000    0.0000    0.9607    0.8011      0.8828     0.0859     0.9523    0.8819     0.9997    0.9991
N-2-13-Pstream-R50-A-12-S20-V3              3293    0.8961    0.9748    0.0000    0.0000    0.0976    0.6470      0.0443     0.4185     0.5329    0.6757     0.9766    0.9979
N-3-7-8-12-Pmixed-R18-V3                    3293    0.0000    0.0000    0.9794    0.8986    0.0000    0.0000      0.0088     0.0003     0.0000    0.0000     0.0000    0.0000
N-5-10-Pbursty-R16-V3                       3293    0.0000    0.0000    0.0337    0.0191    0.0000    0.0000      0.9478     0.8102     0.0000    0.0000     0.0000    0.0000
N-5-10-Pbursty-R51-A-1-11-12-S77-V3         3293    0.9852    0.9822    0.0000    0.0000    0.9231    0.8583      0.6465     0.3465     0.9311    0.6660     0.9942    0.9772
N-5-10-Pbursty-R51-A-1-7-S63-V3             3293    0.9423    0.9814    0.0000    0.0000    0.9069    0.9719      0.7200     0.9341     0.9453    0.9684     0.9991    0.9985
N-5-10-Pbursty-R51-A-12-S20-V3              3293    0.7361    0.7381    0.0000    0.0000    0.4693    0.3691      0.3237     0.2104     0.8864    0.8166     0.9933    0.9885
N-5-Pcompute-R14-V3                         3293    0.0000    0.0000    0.0225    0.0188    0.0000    0.0000      0.9408     0.9499     0.0000    0.0000     0.0000    0.0000
N-idle-Pidle-R2-V3                          3293    0.0000    0.0000    0.0267    0.0200    0.0000    0.0000      0.9523     0.9505     0.0000    0.0000     0.0000    0.0000