V3 graph-threshold sweep
====================================================================================================
data: /home/zira/tools/architecture/gem5/experiments/paper1_temporal_graphs_ports_v3
conv_dir: models/v3/temporal_gcn_ports_v3_builtin_split
tcn_dir: models/v3/temporal_tcn_gcn_ports_v3_builtin_split

====================================================================================================
VAL Conv1D-GCN
====================================================================================================
   thr      acc     prec      rec       f1      fpr       fp       fn
----------------------------------------------------------------------------------------------------
  0.05   0.9202   0.8983   0.9978   0.9454   0.2543     3349       66
  0.10   0.9306   0.9127   0.9949   0.9520   0.2141     2820      151
  0.15   0.9375   0.9235   0.9919   0.9565   0.1848     2434      240
  0.20   0.9407   0.9310   0.9875   0.9584   0.1647     2170      369
  0.25   0.9427   0.9387   0.9812   0.9595   0.1442     1899      556
  0.30   0.9429   0.9446   0.9747   0.9594   0.1287     1695      751
  0.35   0.9417   0.9497   0.9670   0.9583   0.1152     1518      978
  0.40   0.9396   0.9543   0.9587   0.9565   0.1033     1361     1225
  0.45   0.9365   0.9596   0.9482   0.9538   0.0899     1184     1536
  0.50   0.9328   0.9643   0.9376   0.9508   0.0780     1028     1849
  0.55   0.9280   0.9685   0.9261   0.9468   0.0679      894     2190
  0.60   0.9214   0.9721   0.9126   0.9414   0.0588      775     2591
  0.65   0.9148   0.9758   0.8993   0.9360   0.0503      662     2984
  0.70   0.9056   0.9800   0.8816   0.9282   0.0404      532     3509
  0.75   0.8942   0.9837   0.8615   0.9185   0.0321      423     4106
  0.80   0.8783   0.9875   0.8348   0.9048   0.0237      312     4897
  0.85   0.8566   0.9906   0.8005   0.8854   0.0172      226     5914
  0.90   0.8258   0.9943   0.7527   0.8568   0.0096      127     7330
  0.95   0.7700   0.9975   0.6694   0.8012   0.0037       49     9797

Best F1 threshold: 0.25 f1=0.9595 fpr=0.1442 recall=0.9812
Best threshold with FPR <= 0.10: 0.45 f1=0.9538 fpr=0.0899 recall=0.9482
Best threshold with FPR <= 0.05: 0.70 f1=0.9282 fpr=0.0404 recall=0.8816

====================================================================================================
VAL TCN-GCN
====================================================================================================
   thr      acc     prec      rec       f1      fpr       fp       fn
----------------------------------------------------------------------------------------------------
  0.05   0.9571   0.9422   0.9993   0.9699   0.1379     1817       21
  0.10   0.9729   0.9641   0.9981   0.9808   0.0837     1103       56
  0.15   0.9778   0.9719   0.9967   0.9842   0.0648      854       97
  0.20   0.9793   0.9754   0.9952   0.9852   0.0564      743      143
  0.25   0.9793   0.9769   0.9936   0.9852   0.0529      697      190
  0.30   0.9783   0.9780   0.9910   0.9845   0.0502      661      266
  0.35   0.9767   0.9796   0.9868   0.9832   0.0462      608      390
  0.40   0.9738   0.9823   0.9798   0.9811   0.0397      523      598
  0.45   0.9697   0.9855   0.9706   0.9780   0.0322      424      872
  0.50   0.9649   0.9892   0.9598   0.9743   0.0236      311     1192
  0.55   0.9592   0.9925   0.9482   0.9698   0.0162      213     1535
  0.60   0.9525   0.9950   0.9361   0.9646   0.0106      140     1894
  0.65   0.9450   0.9972   0.9231   0.9587   0.0058       77     2279
  0.70   0.9361   0.9984   0.9092   0.9517   0.0033       43     2691
  0.75   0.9244   0.9990   0.8917   0.9423   0.0020       27     3209
  0.80   0.9101   0.9994   0.8706   0.9306   0.0011       15     3834
  0.85   0.8921   0.9996   0.8444   0.9155   0.0007        9     4611
  0.90   0.8689   0.9998   0.8108   0.8955   0.0004        5     5606
  0.95   0.8316   1.0000   0.7568   0.8616   0.0000        0     7207

Best F1 threshold: 0.20 f1=0.9852 fpr=0.0564 recall=0.9952
Best threshold with FPR <= 0.10: 0.20 f1=0.9852 fpr=0.0564 recall=0.9952
Best threshold with FPR <= 0.05: 0.35 f1=0.9832 fpr=0.0462 recall=0.9868

====================================================================================================
TEST Conv1D-GCN
====================================================================================================
   thr      acc     prec      rec       f1      fpr       fp       fn
----------------------------------------------------------------------------------------------------
  0.05   0.8401   0.7741   0.9927   0.8699   0.3379     6677      169
  0.10   0.8497   0.7901   0.9816   0.8755   0.3042     6010      425
  0.15   0.8544   0.8012   0.9704   0.8777   0.2809     5551      683
  0.20   0.8543   0.8086   0.9557   0.8760   0.2640     5216     1021
  0.25   0.8519   0.8143   0.9391   0.8723   0.2498     4936     1403
  0.30   0.8486   0.8188   0.9231   0.8679   0.2383     4708     1772
  0.35   0.8443   0.8232   0.9054   0.8623   0.2269     4484     2180
  0.40   0.8368   0.8245   0.8853   0.8539   0.2198     4343     2643
  0.45   0.8312   0.8276   0.8673   0.8470   0.2108     4165     3060
  0.50   0.8236   0.8292   0.8468   0.8379   0.2036     4022     3531
  0.55   0.8142   0.8309   0.8222   0.8265   0.1952     3857     4098
  0.60   0.8049   0.8318   0.7993   0.8152   0.1885     3725     4626
  0.65   0.7943   0.8320   0.7743   0.8021   0.1824     3603     5202
  0.70   0.7808   0.8308   0.7447   0.7853   0.1770     3497     5886
  0.75   0.7671   0.8296   0.7142   0.7676   0.1711     3381     6589
  0.80   0.7517   0.8275   0.6807   0.7470   0.1655     3270     7360
  0.85   0.7340   0.8232   0.6444   0.7229   0.1615     3191     8196
  0.90   0.7102   0.8163   0.5958   0.6888   0.1564     3091     9317
  0.95   0.6758   0.8055   0.5247   0.6355   0.1478     2921    10956

Best F1 threshold: 0.15 f1=0.8777 fpr=0.2809 recall=0.9704
No threshold found with FPR <= 0.10
No threshold found with FPR <= 0.05

====================================================================================================
TEST TCN-GCN
====================================================================================================
   thr      acc     prec      rec       f1      fpr       fp       fn
----------------------------------------------------------------------------------------------------
  0.05   0.7759   0.7092   0.9895   0.8262   0.4734     9353      242
  0.10   0.7873   0.7230   0.9806   0.8323   0.4382     8658      448
  0.15   0.7971   0.7351   0.9744   0.8380   0.4097     8094      590
  0.20   0.8045   0.7448   0.9689   0.8422   0.3873     7653      716
  0.25   0.8114   0.7544   0.9633   0.8462   0.3659     7230      845
  0.30   0.8177   0.7641   0.9570   0.8497   0.3447     6810      992
  0.35   0.8234   0.7745   0.9479   0.8525   0.3220     6362     1200
  0.40   0.8285   0.7859   0.9368   0.8547   0.2978     5884     1457
  0.45   0.8327   0.7979   0.9232   0.8560   0.2728     5390     1770
  0.50   0.8375   0.8113   0.9099   0.8578   0.2468     4877     2078
  0.55   0.8404   0.8220   0.8981   0.8584   0.2269     4483     2348
  0.60   0.8445   0.8346   0.8869   0.8600   0.2051     4052     2606
  0.65   0.8479   0.8460   0.8772   0.8613   0.1864     3682     2830
  0.70   0.8516   0.8575   0.8689   0.8632   0.1685     3329     3022
  0.75   0.8534   0.8680   0.8583   0.8631   0.1522     3008     3267
  0.80   0.8551   0.8802   0.8460   0.8628   0.1344     2655     3549
  0.85   0.8544   0.8915   0.8308   0.8601   0.1180     2331     3901
  0.90   0.8534   0.9074   0.8104   0.8562   0.0965     1907     4370
  0.95   0.8457   0.9332   0.7685   0.8428   0.0642     1269     5337

Best F1 threshold: 0.70 f1=0.8632 fpr=0.1685 recall=0.8689
Best threshold with FPR <= 0.10: 0.90 f1=0.8562 fpr=0.0965 recall=0.8104
No threshold found with FPR <= 0.05