V3 MeanPool graph-threshold sweep
====================================================================================================
data: /home/zira/tools/architecture/gem5/experiments/paper1_temporal_graphs_ports_v3
model_dir: models/v3/temporal_tcn_meanpool_gcn_ports_v3_builtin_split

====================================================================================================
VAL TCN-MeanPool-GCN
====================================================================================================
   thr      acc     prec      rec       f1      fpr       fp       fn
----------------------------------------------------------------------------------------------------
  0.05   0.9125   0.8889   0.9985   0.9405   0.2809     3700       44
  0.10   0.9237   0.9026   0.9974   0.9476   0.2423     3191       77
  0.15   0.9309   0.9121   0.9962   0.9523   0.2161     2847      113
  0.20   0.9360   0.9197   0.9944   0.9556   0.1954     2574      165
  0.25   0.9402   0.9266   0.9921   0.9583   0.1767     2328      234
  0.30   0.9432   0.9330   0.9890   0.9601   0.1599     2106      327
  0.35   0.9446   0.9391   0.9837   0.9609   0.1436     1891      482
  0.40   0.9455   0.9457   0.9773   0.9613   0.1262     1662      673
  0.45   0.9449   0.9514   0.9699   0.9606   0.1114     1467      893
  0.50   0.9428   0.9572   0.9603   0.9588   0.0966     1273     1176
  0.55   0.9396   0.9633   0.9490   0.9561   0.0815     1073     1512
  0.60   0.9355   0.9688   0.9370   0.9526   0.0678      893     1868
  0.65   0.9298   0.9740   0.9233   0.9479   0.0555      731     2274
  0.70   0.9241   0.9799   0.9090   0.9431   0.0421      554     2696
  0.75   0.9149   0.9838   0.8918   0.9356   0.0329      434     3207
  0.80   0.9049   0.9879   0.8732   0.9271   0.0240      316     3757
  0.85   0.8893   0.9917   0.8473   0.9138   0.0160      211     4527
  0.90   0.8637   0.9941   0.8078   0.8913   0.0107      141     5696
  0.95   0.8122   0.9975   0.7306   0.8434   0.0042       55     7985

Best F1 threshold: 0.40 f1=0.9613 fpr=0.1262 recall=0.9773
Best threshold with FPR <= 0.10: 0.50 f1=0.9588 fpr=0.0966 recall=0.9603
Best threshold with FPR <= 0.05: 0.70 f1=0.9431 fpr=0.0421 recall=0.9090

====================================================================================================
TEST TCN-MeanPool-GCN
====================================================================================================
   thr      acc     prec      rec       f1      fpr       fp       fn
----------------------------------------------------------------------------------------------------
  0.05   0.8143   0.7528   0.9754   0.8498   0.3736     7381      568
  0.10   0.8304   0.7777   0.9592   0.8590   0.3198     6319      941
  0.15   0.8368   0.7917   0.9456   0.8618   0.2902     5733     1255
  0.20   0.8405   0.8018   0.9349   0.8633   0.2696     5326     1501
  0.25   0.8426   0.8099   0.9246   0.8635   0.2531     5001     1738
  0.30   0.8426   0.8166   0.9128   0.8620   0.2392     4726     2010
  0.35   0.8430   0.8231   0.9023   0.8609   0.2262     4470     2251
  0.40   0.8429   0.8307   0.8895   0.8591   0.2115     4178     2547
  0.45   0.8430   0.8387   0.8772   0.8575   0.1969     3890     2830
  0.50   0.8423   0.8476   0.8621   0.8548   0.1809     3574     3179
  0.55   0.8399   0.8562   0.8445   0.8503   0.1655     3269     3585
  0.60   0.8374   0.8642   0.8281   0.8458   0.1518     2999     3962
  0.65   0.8353   0.8737   0.8114   0.8414   0.1368     2703     4347
  0.70   0.8332   0.8828   0.7958   0.8371   0.1233     2436     4706
  0.75   0.8308   0.8931   0.7789   0.8321   0.1087     2148     5097
  0.80   0.8249   0.9029   0.7562   0.8231   0.0949     1875     5620
  0.85   0.8156   0.9130   0.7269   0.8094   0.0808     1597     6295
  0.90   0.7991   0.9244   0.6827   0.7854   0.0651     1287     7314
  0.95   0.7651   0.9420   0.6007   0.7336   0.0432      853     9204

Best F1 threshold: 0.25 f1=0.8635 fpr=0.2531 recall=0.9246
Best threshold with FPR <= 0.10: 0.80 f1=0.8231 fpr=0.0949 recall=0.7562
Best threshold with FPR <= 0.05: 0.95 f1=0.7336 fpr=0.0432 recall=0.6007