V3 MaxPool graph-threshold sweep
====================================================================================================
data: /home/zira/tools/architecture/gem5/experiments/paper1_temporal_graphs_ports_v3
model_dir: models/v3/temporal_tcn_maxpool_gcn_ports_v3_builtin_split

====================================================================================================
VAL TCN-MaxPool-GCN
====================================================================================================
   thr      acc     prec      rec       f1      fpr       fp       fn
----------------------------------------------------------------------------------------------------
  0.05   0.9282   0.9066   0.9992   0.9506   0.2316     3050       25
  0.10   0.9408   0.9231   0.9976   0.9589   0.1871     2464       70
  0.15   0.9483   0.9334   0.9964   0.9639   0.1600     2107      108
  0.20   0.9534   0.9415   0.9944   0.9672   0.1391     1832      165
  0.25   0.9571   0.9485   0.9918   0.9697   0.1211     1595      242
  0.30   0.9588   0.9539   0.9882   0.9708   0.1074     1415      349
  0.35   0.9589   0.9593   0.9822   0.9706   0.0937     1234      527
  0.40   0.9572   0.9654   0.9731   0.9692   0.0785     1034      797
  0.45   0.9536   0.9705   0.9622   0.9663   0.0659      868     1120
  0.50   0.9503   0.9771   0.9505   0.9636   0.0502      661     1467
  0.55   0.9452   0.9830   0.9370   0.9595   0.0364      480     1866
  0.60   0.9397   0.9878   0.9244   0.9550   0.0257      339     2241
  0.65   0.9349   0.9907   0.9146   0.9511   0.0193      254     2532
  0.70   0.9293   0.9930   0.9042   0.9465   0.0143      188     2840
  0.75   0.9215   0.9948   0.8913   0.9402   0.0106      139     3222
  0.80   0.9128   0.9963   0.8773   0.9330   0.0073       96     3636
  0.85   0.8992   0.9974   0.8565   0.9216   0.0049       65     4252
  0.90   0.8797   0.9989   0.8271   0.9049   0.0021       28     5124
  0.95   0.8459   0.9998   0.7776   0.8748   0.0004        5     6592

Best F1 threshold: 0.30 f1=0.9708 fpr=0.1074 recall=0.9882
Best threshold with FPR <= 0.10: 0.35 f1=0.9706 fpr=0.0937 recall=0.9822
Best threshold with FPR <= 0.05: 0.55 f1=0.9595 fpr=0.0364 recall=0.9370

====================================================================================================
TEST TCN-MaxPool-GCN
====================================================================================================
   thr      acc     prec      rec       f1      fpr       fp       fn
----------------------------------------------------------------------------------------------------
  0.05   0.8256   0.7719   0.9597   0.8556   0.3309     6537      928
  0.10   0.8363   0.7915   0.9450   0.8615   0.2904     5738     1268
  0.15   0.8410   0.8032   0.9334   0.8634   0.2667     5270     1536
  0.20   0.8434   0.8117   0.9236   0.8640   0.2500     4940     1762
  0.25   0.8451   0.8190   0.9144   0.8641   0.2357     4657     1973
  0.30   0.8461   0.8251   0.9063   0.8638   0.2242     4430     2159
  0.35   0.8455   0.8306   0.8956   0.8619   0.2131     4210     2406
  0.40   0.8451   0.8372   0.8842   0.8600   0.2006     3963     2670
  0.45   0.8458   0.8471   0.8708   0.8588   0.1834     3624     2978
  0.50   0.8465   0.8565   0.8587   0.8576   0.1678     3315     3258
  0.55   0.8461   0.8657   0.8453   0.8554   0.1531     3024     3566
  0.60   0.8464   0.8743   0.8347   0.8540   0.1400     2766     3811
  0.65   0.8457   0.8802   0.8259   0.8522   0.1311     2591     4013
  0.70   0.8452   0.8861   0.8176   0.8505   0.1226     2423     4204
  0.75   0.8449   0.8923   0.8097   0.8490   0.1140     2252     4386
  0.80   0.8451   0.9006   0.8007   0.8477   0.1030     2036     4594
  0.85   0.8440   0.9092   0.7891   0.8449   0.0920     1817     4862
  0.90   0.8395   0.9196   0.7691   0.8377   0.0784     1550     5322
  0.95   0.8280   0.9368   0.7298   0.8205   0.0574     1134     6228

Best F1 threshold: 0.25 f1=0.8641 fpr=0.2357 recall=0.9144
Best threshold with FPR <= 0.10: 0.85 f1=0.8449 fpr=0.0920 recall=0.7891
No threshold found with FPR <= 0.05